150
20 774
6 106 774
54 0 597
41 449 733
82 0 304
105 65 774
36 0 612
31 349 774
57 0 443
94 0 316
108 0 330
58 34 774
12 180 774
9 9 774
74 14 774
80 114 774
13 68 337
70 55 774
104 500 774
76 261 774
5 0 592
45 611
60 42 611
84 0 531
64 4 611
52 43 611
15 0 473
92 122 611
95 244 579
77 110 611
82 215 611
49 29 345
65 34 611
69 0 322
12 186 611
27 0 414
113 0 410
19 234 611
54 0 515
76 0 579
2 0 403
72 0 411
97 34 365
51 0 474
116 0 584
8 0 600
56 180 472
36 419 611
53 89 392
101 0 582
83 0 602
85 0 571
5 40 611
106 58 611
10 156 611
11 170 611
115 59 611
62 281 611
61 135 293
90 0 425
9 136 272
6 0 486
42 0 468
29 242 611
1 155 611
66 357 611
18 0 329
31 702
46 0 649
113 0 565
84 40 702
53 336 702
92 222 702
90 117 307
122 184 702
47 0 418
8 101 702
22 0 466
62 316 702
121 0 277
67 0 672
108 481 702
68 101 702
101 181 702
69 0 447
115 26 702
75 0 577
16 0 496
74 0 341
98 265 702
4 339 702
105 22 702
25 96 702
42 0 682
19 0 522
97 49 702
81 133 702
119 47 702
11 0 324
23 582
42 51 582
54 205 582
38 0 312
7 143 509
19 0 227
29 0 543
49 278 582
15 46 582
17 42 582
9 0 367
55 219 582
11 383 538
47 232 582
53 0 512
50 38 582
12 0 518
56 52 582
6 0 568
16 152 274
41 219 559
44 168 582
22 220 582
37 255 582
2 100
1 0 49
1 50 100
50 97756
100000 0 54175
19016 0 67626
78315 0 62848
4726 22222 94058
55400 0 59289
10639 55205 97756
4706 0 86529
32779 51166 97756
44558 0 43229
41952 26065 97756
71041 11622 97756
58382 0 97756
44365 9426 97756
45891 27462 97756
97623 0 49691
38914 19504 66727
28665 0 66699
32282 3988 97756
74957 0 91015
17799 0 97533
20760 0 69981
76378 0 78622
61602 0 54554
59706 0 67166
33016 0 70498
12112 0 75739
98696 0 84523
81202 0 62077
10310 0 76293
125 29080 97756
89181 12379 74389
32465 0 65516
71989 0 68472
52686 8757 45106
86427 0 96367
61301 0 78921
55510 19162 97756
99642 30056 97756
55546 24606 97756
89194 1977 55850
35503 0 75944
49800 0 72812
3671 0 43671
16797 59421 97756
44087 11308 97756
20754 0 53477
72359 0 60072
33546 29635 80484
4422 64667 97756
19561 7449 97756
42 924
44 0 370
30 234 924
10 351 924
12 348 924
36 91 554
101 0 814
14 0 431
75 215 924
43 0 814
120 180 924
41 64 924
85 13 924
106 4 924
21 607 924
26 0 515
97 306 924
42 0 562
50 116 924
127 350 668
54 324 924
137 0 598
102 298 924
40 0 474
64 0 883
94 320 924
98 16 782
88 0 853
19 175 924
48 0 901
33 230 924
123 188 380
21 217 407
118 354 924
18 129 924
70 0 493
66 0 417
108 220 924
53 0 393
82 331 924
117 194 924
15 0 421
71 0 835
18 14
54 5 14
15 1 14
28 6 14
30 0 6
6 5 14
4 7 14
0 0 11
38 0 13
18 0 13
49 0 9
32 0 12
24 1 14
11 0 8
52 11 14
41 2 14
12 5 14
19 0 7
25 9 14
11 269
73 0 230
32 124 269
45 0 170
3 0 232
26 107 269
14 5 269
55 44 188
87 0 96
33 0 269
1 76 269
9 0 181
3 418
3 11 418
48 0 314
10 0 402
41 775
62 0 218
14 114 775
9 0 502
4 0 642
10 64 775
6 382 775
56 280 775
59 0 574
78 0 516
38 412 775
41 0 623
33 0 629
54 1 602
62 375 775
50 0 671
43 18 502
16 0 422
51 0 666
48 0 396
47 209 775
44 0 633
40 0 440
13 0 608
20 0 654
72 401 775
73 497 775
18 0 240
58 0 615
26 0 381
3 0 318
55 0 288
45 81 378
80 0 362
19 128 775
23 0 707
2 0 259
64 222 775
24 0 698
68 398 775
42 280 775
61 0 739
37 44
36 1 42
62 2 44
7 1 44
53 0 32
18 0 37
42 0 34
60 13 44
40 6 44
85 0 40
66 36 44
16 6 44
15 19 44
19 10 44
68 9 44
48 10 44
67 14 44
52 0 43
72 9 28
86 13 44
63 25 44
12 0 40
33 10 44
50 0 17
81 5 44
65 0 22
26 0 21
41 0 30
76 24 32
4 24 44
69 0 25
2 7 22
55 0 39
43 0 32
3 0 27
44 4 44
24 0 28
29 22 44
3 792
34 14 415
29 291 696
24 0 683
38 708
30 0 525
10 25 708
54 203 586
27 158 708
15 0 626
13 0 522
49 0 534
47 365 708
9 114 708
34 268 654
11 0 621
51 0 658
14 0 575
33 441 708
36 301 708
16 0 654
24 0 480
39 159 708
44 0 603
20 0 270
50 17 708
19 0 662
26 290 708
21 253 708
17 76 708
48 0 707
2 272 708
40 304 492
6 0 434
7 52 708
42 275 708
5 0 226
38 0 576
52 0 570
22 56 708
43 177 445
4 11 437
0 0 332
43 306
42 158 283
56 59 306
65 0 271
66 0 183
50 47 306
8 4 270
88 55 306
55 0 237
29 125 306
25 7 306
46 0 148
80 0 240
28 0 259
30 45 306
62 216 306
53 113 306
77 10 306
82 0 122
70 0 219
89 123 306
61 208 306
6 0 292
14 36 99
87 0 270
15 0 185
17 199 306
12 58 306
58 180 306
34 51 306
10 75 306
63 0 284
3 76 306
4 34 113
2 15 306
68 27 306
71 0 283
38 62 246
22 0 174
32 142 306
72 18 165
43 167 306
48 0 221
24 101 306
25 194
28 0 89
59 0 75
12 0 160
39 62 194
101 95 194
11 0 178
17 36 163
40 0 187
46 0 190
61 135 190
43 0 149
88 0 103
67 0 132
96 50 194
19 0 169
57 0 169
81 0 187
32 0 145
51 63 194
76 0 95
41 11 194
5 7 110
83 3 194
86 0 84
78 0 191
20 265
36 1 265
5 18 265
27 29 265
68 0 105
29 0 165
7 0 217
74 58 265
38 7 265
71 32 265
1 0 170
9 0 242
25 75 265
3 0 239
17 0 227
14 0 242
44 125 265
70 97 265
47 175 237
61 109 265
59 155 265
3 885
84 0 370
81 0 601
39 63 885
50 96508
100000 32882 93677
59922 43895 78779
48315 0 91466
32175 0 89598
28528 11643 96508
15318 0 25499
55353 27219 96508
54992 2942 96508
13887 16222 54956
10634 2916 96508
2102 0 24532
67776 30369 60023
41676 42268 96508
60835 44598 96508
37004 70274 95720
61534 75305 94960
44984 10510 96508
58581 28259 96508
27753 6216 32533
9541 1784 21778
59786 0 45375
93771 48077 96508
44584 0 55645
36499 29389 96508
79449 71921 91624
80255 2579 96508
15361 67731 96508
9466 0 90017
74756 0 75314
38462 0 69152
98631 0 34467
15935 47795 89829
36500 0 86218
88905 0 67419
41475 6323 96508
90840 49406 96508
18687 0 87227
11938 0 67274
28684 49605 96508
4507 0 62901
76550 67291 96508
26974 0 85833
68073 20815 96508
19986 60220 96508
47414 0 63611
87381 50744 96508
66492 0 61969
33838 8120 96508
79373 18549 96508
41142 0 52462
37 458
9 0 407
90 10 458
33 103 318
37 45 436
94 0 371
1 0 310
39 13 458
108 163 262
15 14 458
18 24 370
48 40 310
11 126 458
78 9 254
0 0 313
30 0 374
5 168 375
89 0 334
80 109 368
85 0 428
32 0 389
83 0 458
44 189 458
97 91 458
45 0 454
52 0 267
64 0 406
70 59 458
46 0 445
8 79 458
54 10 447
105 0 292
58 0 231
60 0 407
31 69 458
36 106 458
88 156 458
26 82 458
32 57
34 0 19
113 0 41
118 0 50
82 0 42
114 0 56
17 0 54
93 1 17
101 11 57
65 0 30
37 5 57
72 10 57
95 0 42
29 0 47
33 27 57
120 0 13
0 8 57
40 14 57
45 0 41
116 10 57
67 29 57
63 33 57
70 2 57
78 0 53
18 46 57
122 0 42
64 0 55
10 7 57
30 0 48
90 1 43
11 0 28
60 0 26
32 7 57
22 87
60 12 53
95 60 85
32 23 71
71 13 87
44 39 77
25 40 87
85 17 87
50 16 87
55 0 40
31 0 71
64 20 87
22 8 67
94 50 77
5 24 63
46 0 63
66 28 45
49 14 87
90 5 87
4 36 87
95 0 43
61 0 58
78 0 83
26 232
37 47 232
6 9 122
30 0 191
15 19 232
34 66 232
32 25 232
42 6 155
3 0 218
9 0 153
13 72 232
10 0 205
35 0 207
5 0 148
31 0 136
39 0 106
7 115 232
18 0 102
28 116 232
11 114 232
27 78 151
40 146 232
46 0 111
12 102 232
2 0 232
11 0 80
38 21 232
43 400
45 0 394
33 195 400
37 41 400
41 0 212
83 11 200
57 43 400
51 0 313
19 0 166
70 51 400
14 17 400
44 0 295
53 3 400
77 0 343
68 0 269
80 170 292
8 0 296
59 79 400
63 0 395
9 0 395
20 0 389
72 67 400
21 0 289
29 218 400
69 28 215
56 0 307
74 14 400
11 0 326
32 0 399
54 141 400
67 72 400
10 0 365
7 209 400
2 8 400
75 176 400
65 163 400
36 36 350
3 31 400
48 0 369
17 18 400
24 0 279
35 148 400
16 123 400
46 148 320
20 297
43 121 297
5 121 297
40 171 297
28 115 218
56 36 297
15 216 297
55 137 272
21 0 184
13 55 297
14 2 297
26 201 297
7 44 297
27 123 297
1 73 169
33 107 254
1 189 248
0 0 191
38 26 203
24 0 249
25 18 297
2 445
86 0 124
49 0 322
43 580
110 1 580
66 0 551
117 0 407
108 196 580
133 213 580
135 0 442
78 40 321
104 176 580
129 222 580
102 133 580
19 0 445
42 430 580
30 73 580
124 111 580
40 59 580
44 10 580
17 0 500
115 0 384
68 0 375
106 107 580
58 229 534
120 151 521
83 0 552
23 121 580
41 163 580
101 186 504
85 0 551
3 4 580
46 172 580
94 11 580
13 54 580
113 285 529
49 86 580
121 111 580
34 80 580
130 34 580
21 398 580
26 0 521
90 11 482
80 0 414
70 32 580
16 363 580
12 33 280
5 201
40 38 85
12 0 163
25 1 50
31 108 201
62 0 123
13 509
47 123 509
1 6 509
57 0 479
27 130 273
64 0 291
45 0 292
37 0 485
21 0 420
72 0 377
63 114 509
65 88 504
68 163 509
62 0 218
36 992
109 52 992
10 0 714
123 582 992
51 0 855
18 0 665
5 106 992
124 243 992
55 281 683
90 0 835
115 245 992
34 194 992
89 0 967
79 421 992
107 0 481
2 292 786
75 0 350
87 148 779
1 0 815
49 0 494
35 0 540
63 324 992
42 250 949
105 5 992
66 0 971
19 0 893
23 61 992
94 0 826
4 0 825
98 0 960
40 0 519
76 0 618
121 0 958
69 24 992
33 0 871
118 0 905
45 0 967
12 313
54 5 123
39 50 313
79 0 296
34 0 286
65 236 311
0 77 179
30 0 206
16 0 202
23 0 225
42 132 308
26 0 249
50 0 72
26 270
28 0 267
30 47 159
92 63 270
23 22 270
14 0 211
17 96 270
29 0 186
38 47 270
25 0 138
36 58 270
74 0 270
119 102 270
93 39 145
104 67 270
67 110 270
11 24 270
5 0 262
98 44 270
6 125 255
65 0 213
123 0 170
21 154 270
91 72 270
44 0 151
129 0 239
95 0 91
46 221
34 0 123
72 0 186
30 0 86
1 56 221
32 0 213
10 43 221
80 103 221
81 97 221
67 59 221
0 0 214
48 0 138
20 10 221
100 0 132
22 0 167
94 0 185
76 0 189
52 29 165
44 0 213
95 62 221
88 0 184
57 6 172
91 0 183
8 18 221
37 50 221
60 0 173
9 22 103
26 56 221
73 0 151
51 36 221
46 0 187
47 32 140
99 61 221
39 107 183
78 156 221
43 0 182
64 81 177
27 94 221
14 0 208
24 0 142
33 0 170
11 0 210
50 0 71
84 11 169
70 0 195
56 0 139
75 0 218
7 574
10 286 548
61 324 465
60 211 574
24 16 574
80 26 322
73 0 260
21 0 565
40 131
57 10 131
66 23 79
86 16 131
4 29 131
1 43 123
93 67 131
36 30 62
74 5 131
83 1 131
52 0 84
9 0 111
5 0 59
31 62 131
38 77 119
24 20 131
6 9 131
64 5 131
59 15 131
19 7 131
41 1 131
3 0 112
92 0 115
87 0 77
42 15 52
67 0 107
46 0 129
14 0 47
49 0 106
76 0 116
25 0 114
48 0 85
60 8 131
45 0 106
80 0 50
65 0 68
68 0 115
37 0 122
82 83 131
32 0 87
11 8 131
11 866
52 0 805
3 65 866
28 61 866
19 0 849
29 0 276
16 585 818
13 0 493
58 63 866
26 401 676
38 0 400
36 0 720
39 13
54 1 8
62 6 13
22 0 6
6 2 13
10 5 13
67 5 13
56 4 13
20 0 10
11 3 13
68 1 13
40 0 12
25 0 8
8 0 12
15 0 11
61 0 11
28 4 13
51 7 13
0 1 13
41 0 10
60 8 11
55 0 9
65 0 8
58 2 13
34 0 10
57 0 12
66 4 8
24 5 13
45 3 13
31 5 9
53 0 7
63 0 10
9 0 12
43 0 10
1 5 13
17 8 13
4 5 13
52 0 12
44 0 13
36 6 10
34 500
49 50 500
62 0 330
30 0 378
64 228 500
16 81 370
29 0 485
0 359 500
18 0 416
20 380 486
76 119 500
54 51 500
43 196 500
15 115 500
39 88 500
1 19 500
61 127 500
85 0 354
68 0 212
60 0 436
65 233 500
40 161 500
72 226 500
59 0 183
6 145 500
3 0 178
17 104 500
52 78 500
23 0 385
41 0 451
28 284 500
19 0 263
8 0 500
70 278 500
34 0 239
7 938
0 430 938
4 0 428
19 281 871
18 0 646
9 284 938
12 408 938
14 0 476
22 22
79 9 22
65 0 20
42 0 13
38 9 22
10 0 18
9 2 22
52 5 22
56 5 22
33 8 13
86 12 22
87 0 14
8 4 22
34 0 22
17 0 17
69 0 16
27 4 22
46 5 22
40 0 19
67 9 22
18 14 19
71 1 22
81 6 22
50 96650
100000 69037 96650
25487 0 86237
39640 0 52868
29771 29890 96650
22707 8244 96650
30066 0 53533
55320 16053 96650
87888 0 88982
67877 0 87623
33157 52756 80956
61094 0 94840
94917 8695 86597
64098 13611 96650
35233 10140 96650
57021 0 84064
93234 29203 96650
75342 31997 96650
41840 0 86462
418 22082 96650
15681 41422 96650
29233 0 55240
42599 17018 96650
94142 29713 52961
80948 0 94101
50183 0 86687
18125 38871 96650
29812 31305 96595
95970 14654 96650
91047 0 93274
59496 35224 96650
52807 14419 72171
26683 6478 96650
2970 0 91157
50652 0 78889
11420 20710 96650
2463 0 73200
88708 0 76942
49448 1574 31434
22640 0 95838
48806 10854 96650
59667 32024 96650
69108 0 87094
26785 69041 95222
78582 0 43910
36803 0 87114
57888 0 86823
30038 28416 68768
65727 42994 96650
60454 0 58557
12124 11764 96650
25 676
26 288 676
25 134 676
36 99 564
2 284 676
19 0 601
31 0 660
15 0 603
40 225 676
3 64 676
17 204 676
21 38 676
12 0 372
22 223 676
1 200 603
4 100 676
23 257 676
32 0 548
33 0 582
39 176 676
18 94 382
28 185 676
11 499 671
0 0 627
13 315 676
29 411 676
46 835
51 547 835
10 0 712
1 58 835
41 480 835
42 0 835
5 0 341
39 11 758
36 0 283
33 0 757
66 180 835
23 224 835
11 590 835
55 40 835
59 126 835
38 141 835
36 295 835
15 0 715
50 0 577
74 158 835
18 227 835
34 0 388
28 0 401
27 126 835
32 55 835
72 321 835
71 477 835
60 158 835
63 0 371
14 0 497
49 167 835
21 153 835
25 309 835
0 30 835
26 432 835
45 0 702
53 0 436
64 203 835
68 0 294
43 0 681
7 0 784
65 0 647
48 0 783
6 139 835
35 0 724
2 0 573
31 16 736
49 808
91 346 691
11 453 801
60 0 566
50 70 808
89 243 808
14 285 808
6 55 392
66 0 767
23 84 808
1 0 647
35 159 808
12 0 255
51 106 808
69 472 808
34 0 610
20 0 515
59 262 808
48 71 808
110 164 808
121 0 540
57 0 548
3 436 808
103 18 808
107 71 651
73 536 808
123 535 808
93 95 808
72 411 640
113 0 805
92 235 808
29 0 381
31 241 808
77 0 473
85 0 646
112 176 731
7 0 746
65 363 788
41 0 538
99 65 808
42 0 326
19 0 603
39 0 549
21 0 649
116 0 704
70 296 808
117 0 677
105 0 774
32 424 808
76 129 808
46 531
72 157 531
57 288 531
12 282 531
30 0 456
64 370 528
15 262 531
56 60 256
40 0 446
46 152 525
41 124 531
33 0 529
70 12 531
38 184 531
37 97 531
24 417 531
26 0 311
71 0 494
81 29 531
9 137 531
52 0 486
74 195 531
78 11 531
13 273 475
36 0 421
61 58 531
22 0 394
19 130 531
73 0 505
2 0 526
39 0 245
50 8 531
42 39 233
63 0 406
47 302 485
49 275 531
67 0 441
23 0 379
68 0 220
20 0 470
34 278 531
54 0 470
4 0 469
28 0 492
79 0 440
35 0 461
3 0 490
2 387
33 0 312
0 54 314
29 197
79 0 99
18 45 197
49 0 150
60 69 144
36 30 197
17 23 110
93 0 163
42 83 197
23 0 151
69 22 68
74 0 132
1 98 197
33 137 197
40 3 106
70 0 163
61 0 177
0 60 135
89 0 110
28 27 197
78 0 186
72 0 197
99 117 197
3 137 197
76 27 197
5 0 178
9 0 105
43 0 103
15 0 128
35 10 197
43 644
4 0 488
39 0 558
80 162 644
28 0 640
49 99 644
95 237 644
2 0 412
123 0 558
31 107 644
97 480 644
121 139 644
32 0 307
133 0 611
35 82 413
11 0 405
34 0 630
88 0 322
104 0 617
43 185 630
37 0 461
68 206 644
41 23 410
103 47 184
65 215 644
102 0 629
147 0 468
134 166 352
25 213 500
22 0 390
29 62 644
44 0 499
3 180 644
5 63 644
136 276 644
81 0 302
148 0 283
19 0 231
61 0 612
59 6 644
7 23 644
45 93 465
84 0 239
98 0 282
41 396
23 0 281
3 163 396
61 299 396
65 259 396
35 84 396
1 47 396
63 166 288
6 0 170
52 0 286
25 85 390
37 0 385
10 179 396
36 0 350
29 0 175
8 128 207
31 0 337
16 0 265
68 244 396
15 0 218
15 262 385
49 0 360
19 0 223
9 67 396
33 4 225
32 185 396
20 172 396
40 0 172
44 34 278
66 230 327
13 0 395
42 0 272
0 151 396
2 0 325
67 14 396
12 15 396
10 32 155
11 0 327
39 105 396
48 0 391
46 0 223
51 44 396
40 724
85 0 619
108 0 586
62 141 724
55 78 724
37 146 628
6 0 426
123 0 684
67 143 405
120 213 724
101 128 675
124 0 549
127 68 724
116 0 647
75 1 724
54 0 512
40 0 284
32 11 724
61 413 724
90 0 290
76 0 476
24 233 724
41 0 345
114 0 476
51 126 724
96 0 416
118 93 487
19 23 724
43 0 416
44 0 514
53 219 724
100 314 724
45 72 712
92 157 724
39 163 724
3 86 724
33 233 724
57 0 623
4 0 413
66 0 318
104 18 724
27 484
39 0 441
6 324 467
11 55 484
4 0 197
42 317 480
44 0 447
5 0 183
47 158 484
15 0 384
4 322 484
45 46 484
9 0 354
10 0 350
7 34 484
41 0 212
25 326 452
23 10 484
17 77 484
13 8 420
24 66 484
5 253 379
14 180 484
16 234 336
20 0 243
0 31 484
26 0 274
46 213 484
50 95662
100000 0 93203
15939 39408 95662
78233 21417 59680
22573 46808 95662
95680 3718 95662
78760 6616 95662
21630 0 77763
42744 1685 95662
10371 42696 95662
6369 1349 95662
89185 0 75805
91209 34392 95662
76695 3382 95662
54379 0 63756
42216 39621 82781
82123 0 43177
50210 0 95592
63650 36896 95662
40199 0 55491
5220 0 74153
75650 1166 95662
8907 0 64871
91418 0 64500
3037 0 78739
75613 19193 95662
75828 0 90529
530 0 77094
74088 38946 95662
29122 0 56589
90981 0 69076
89895 829 95662
6093 21209 95662
25741 0 36098
18447 0 61571
16632 0 46451
52633 21435 95662
67699 12822 95662
98371 0 58226
51423 57171 95662
95708 0 94894
37474 0 85265
60686 4109 82359
85003 26420 95662
78263 0 92050
42384 0 55804
1308 44365 95662
51979 9998 95662
90596 0 83376
81879 0 77547
84959 33586 82011
46 381
64 249 341
1 80 381
16 80 381
9 0 355
55 0 285
7 60 276
2 0 183
43 0 360
49 142 381
51 103 349
8 0 381
20 54 381
56 0 190
45 167 381
59 80 381
24 0 304
5 247 381
52 22 381
3 62 381
41 0 365
12 126 381
21 0 263
62 0 367
32 223 358
23 50 381
25 82 381
19 12 381
39 0 364
14 101 381
53 4 381
17 202 381
61 0 151
54 103 325
31 167 381
29 0 91
10 91 381
5 52 171
4 169 324
40 0 299
46 64 381
29 237 329
57 0 303
26 0 198
2 211 381
34 221 362
0 113 270
34 130
120 15 130
84 67 130
52 28 130
87 48 130
57 0 72
2 35 130
40 0 91
119 0 124
24 45 130
80 24 127
118 46 130
36 1 130
97 88 130
83 8 59
59 60 130
89 37 130
38 0 127
129 81 130
124 0 122
8 2 130
117 30 56
67 81 130
34 0 130
0 0 51
86 1 68
79 27 102
90 0 113
138 76 130
44 4 105
109 21 130
136 0 50
15 0 113
30 0 94
11 69 111
11 15
2 1 7
2 9 15
3 0 4
5 7 13
7 0 8
8 3 6
8 8 15
10 2 9
11 8 13
14 6 15
16 0 6
50 99837
100000 0 95815
93913 0 66977
2104 17849 99837
48320 49218 99837
7304 0 80739
43258 16624 61903
72280 0 70319
71766 59713 99837
57014 0 46914
78458 8080 99837
58255 15169 62119
82680 0 60629
82281 0 88526
83391 0 67590
15494 25510 51765
43151 0 79307
41441 0 89911
92180 0 75850
75545 0 76272
86796 34804 87458
16858 0 77438
58711 62767 99837
8106 40721 99837
69693 43016 99837
98413 53867 99837
91880 74245 95247
61423 0 48298
43982 46526 69398
6568 0 78679
87471 69091 99837
92154 45282 99837
22638 0 55238
35028 0 47487
53516 29177 99837
2037 46741 99837
63782 0 75575
55030 0 94078
26792 0 63517
69823 16452 99837
75893 0 88108
12290 0 99360
41477 11793 99837
95930 46512 99837
15996 0 76999
22406 21739 99837
67211 0 35852
68589 5451 99837
2600 42828 99837
85115 0 58234
21559 32038 99837
50 100000
0 1 100000
1 0 99999
2 1 100000
3 0 99999
4 1 100000
5 0 99999
6 1 100000
7 0 99999
8 1 100000
9 0 99999
10 1 100000
11 0 99999
12 1 100000
13 0 99999
14 1 100000
15 0 99999
16 1 100000
17 0 99999
18 1 100000
19 0 99999
20 1 100000
21 0 99999
22 1 100000
23 0 99999
24 1 100000
25 0 99999
26 1 100000
27 0 99999
28 1 100000
29 0 99999
30 1 100000
31 0 99999
32 1 100000
33 0 99999
34 1 100000
35 0 99999
36 1 100000
37 0 99999
38 1 100000
39 0 99999
40 1 100000
41 0 99999
42 1 100000
43 0 99999
44 1 100000
45 0 99999
46 1 100000
47 0 99999
48 1 100000
49 0 99999
28 435
60 0 374
17 0 314
0 122 435
9 172 435
70 156 435
14 107 265
73 0 424
18 19 435
15 0 434
2 193 435
45 3 435
74 0 358
67 0 363
6 75 435
72 152 426
10 0 422
31 30 435
71 239 435
37 133 435
38 24 435
7 24 435
26 0 278
39 151 435
8 108 435
36 292 435
23 141 435
30 0 290
63 0 308
45 268
19 0 217
24 0 181
26 11 112
56 72 268
12 29 268
10 0 117
5 79 171
33 0 104
27 0 252
58 0 107
20 0 120
66 116 261
22 17 268
65 0 249
66 0 67
1 0 200
14 0 231
70 44 112
62 75 268
45 83 189
50 40 268
39 0 268
58 149 268
4 0 191
2 66 241
63 30 243
72 0 265
13 0 254
52 0 195
30 38 112
36 146 234
46 58 268
75 0 205
9 39 268
68 191 268
17 139 246
43 0 115
7 0 236
18 0 131
74 132 268
44 0 215
49 0 257
31 0 211
35 0 155
73 98 181
2 4
0 0 3
1 1 4
31 952
33 321 952
36 100 952
19 0 733
23 0 874
40 206 952
5 0 346
47 101 952
0 0 773
52 0 622
43 538 952
11 0 935
53 228 771
3 73 952
37 41 575
24 398 952
44 0 631
28 0 822
29 0 566
20 37 760
38 0 881
50 112 952
22 0 836
45 674 952
43 0 520
16 0 843
32 0 952
48 0 913
39 0 747
14 254 952
51 456 952
18 400 764
50 861
115 0 742
110 0 708
7 32 861
35 0 783
136 73 861
100 0 397
64 0 749
57 226 861
53 549 861
77 349 861
45 0 467
98 0 502
38 0 615
30 0 765
53 0 475
15 0 656
59 0 825
124 0 558
104 0 612
23 405 861
52 86 861
120 0 662
114 0 850
0 0 577
12 0 669
93 0 668
21 345 861
72 69 861
5 0 756
9 0 764
78 183 861
88 0 486
17 653 861
81 3 861
44 19 861
33 0 729
13 0 856
47 0 806
122 0 861
61 0 412
19 74 861
70 0 623
24 99 347
101 257 579
1 0 493
62 0 841
133 271 861
3 190 861
16 361 861
27 319 861
10 391
16 0 208
9 177 391
20 10 391
5 13 354
3 0 347
25 47 391
11 203 332
26 0 350
1 43 391
29 183 333
30 383
122 128 383
5 8 383
112 0 367
49 11 383
32 223 383
108 0 260
8 202 314
89 0 244
61 0 188
78 0 129
0 0 264
80 22 383
15 103 383
123 0 378
52 122 383
107 20 383
113 0 227
72 36 383
83 92 336
1 85 383
85 0 348
77 9 209
59 0 378
127 0 218
7 0 366
50 181 274
64 130 383
75 0 304
38 0 332
46 54 383
1 1
0 0 1
50 99629
100000 33578 99629
93968 58008 99629
7777 61870 99629
63063 0 97400
49423 0 88597
62415 0 75824
10072 0 56236
62713 0 24174
85176 0 67480
6616 18900 99629
76738 0 51095
57889 26965 99629
38741 20514 99629
70183 81 55049
10602 15490 83959
57447 5268 34357
54944 44803 99629
4636 8185 60844
64296 13420 99629
44812 0 94407
77498 10027 99629
67244 21994 79214
1358 0 37130
27065 0 58248
9235 0 97386
34017 30123 99629
56623 16271 93391
37431 29027 99629
80162 0 63839
24606 0 65291
82671 12616 99629
97632 10606 99629
44487 7651 85687
16618 0 53003
93589 50440 99629
9665 63272 99629
59069 0 90143
54268 0 48718
55186 16785 99629
42975 11523 99629
29368 65377 99629
9458 37811 99629
80076 28844 63130
40271 0 55631
56686 45484 86363
43977 0 65067
4344 35718 89107
28882 0 51635
15018 4056 99629
30523 0 58753
1 709
62 235 709
1 1
1 0 1
32 208
55 0 174
7 0 206
80 0 97
2 48 208
22 0 146
38 0 123
18 6 208
47 15 208
5 42 152
62 0 84
14 68 120
23 0 198
81 0 155
51 36 208
79 0 109
58 0 201
72 50 208
4 0 113
43 0 161
52 8 208
71 0 103
1 11 208
26 0 137
56 26 208
30 94 148
40 0 114
30 0 69
6 51 208
0 0 156
54 0 135
25 0 138
62 110 168
5 752
84 0 426
23 0 381
2 332 554
41 96 752
62 374 752
2 474
25 0 436
85 141 474
17 335
97 70 335
104 0 157
18 88 301
37 65 217
91 132 270
88 137 335
30 0 330
17 16 335
8 0 276
55 11 335
83 0 270
102 0 229
58 0 316
75 0 183
7 0 198
92 0 263
36 0 313
41 963
12 676 963
15 112 610
69 354 963
3 159 963
1 88 418
4 0 833
24 380 728
63 480 744
38 272 963
61 271 870
24 36 347
55 118 963
47 330 963
71 0 739
18 32 737
14 0 839
48 0 963
9 0 518
57 354 886
11 0 963
35 0 833
20 79 963
45 645 922
41 201 963
29 157 963
60 0 518
59 180 963
32 280 963
31 0 810
64 34 963
36 101 956
5 0 472
68 0 459
37 89 963
51 0 920
40 0 658
65 0 617
8 138 886
23 0 877
19 0 855
58 97 963
44 828
14 0 742
21 0 517
57 8 828
48 488 764
62 0 352
115 251 828
1 0 510
38 113 828
67 464 828
118 0 812
71 67 315
20 563 828
94 0 670
3 435 828
10 409 828
80 0 580
42 0 767
100 494 828
96 507 828
68 0 402
76 298 662
63 173 828
98 0 603
110 67 385
116 190 828
69 0 561
54 263 828
12 0 563
43 52 828
55 0 307
11 88 828
87 183 828
120 219 828
52 219 828
6 218 558
37 0 656
53 455 828
101 368 828
97 49 828
28 219 828
108 0 337
113 0 767
89 0 705
41 0 442
27 650
98 193 650
60 0 325
73 0 358
12 0 548
81 0 414
22 320 650
53 199 474
90 0 612
27 242 650
66 0 495
13 0 648
9 104 598
91 437 650
68 51 650
103 8 650
21 95 650
49 0 315
104 501 644
83 0 377
99 0 558
56 0 628
72 0 190
41 350 650
28 437 648
1 355 650
95 0 510
32 170 650
39 961
72 114 961
97 0 780
124 341 961
42 23 961
70 238 961
119 76 961
87 65 431
4 0 727
75 0 616
129 149 961
106 699 961
87 607 820
31 0 751
125 0 871
6 718 961
69 198 451
93 561 961
79 0 372
84 366 961
86 0 683
2 0 624
113 113 886
99 0 955
100 0 839
80 8 589
62 0 851
71 0 446
116 0 330
73 0 450
32 686 961
85 357 961
49 0 535
110 0 877
61 281 961
103 0 729
121 303 961
21 22 961
68 413 961
29 102 961
36 673
45 165 673
0 348 673
90 0 611
12 0 512
41 0 622
85 0 469
77 192 673
42 528 673
44 0 451
7 0 425
88 0 412
47 162 673
13 0 587
24 0 400
30 0 622
51 233 387
73 94 489
65 6 606
67 27 673
9 0 606
94 0 331
81 0 533
74 489 673
21 460 673
10 275 563
14 0 425
18 319 673
62 88 673
2 0 453
16 0 610
60 21 186
55 68 673
71 0 608
76 0 651
36 0 527
33 0 390
32 381
30 40 260
99 58 381
82 193 381
33 0 296
102 0 287
65 100 381
24 0 271
107 0 362
71 152 381
36 129 381
76 70 381
87 273 381
96 0 347
17 0 304
41 0 295
8 0 153
28 9 381
92 154 381
11 55 381
77 80 345
61 68 381
51 266 362
37 0 159
94 150 381
39 0 136
35 25 381
2 64 381
42 67 381
54 114 381
68 25 381
53 235 327
14 0 341
44 724
47 98 724
29 0 481
7 0 644
24 286 724
19 158 724
5 436 724
33 0 715
13 141 724
56 301 724
39 0 631
42 350 724
26 3 724
31 0 670
18 31 724
65 321 507
63 101 716
12 0 586
64 55 724
2 86 724
34 82 255
52 0 358
8 244 724
53 169 724
15 0 583
6 0 621
1 69 315
27 225 724
58 286 724
17 417 689
22 0 610
66 433 724
59 0 613
45 302 724
35 0 400
25 0 623
42 0 320
4 51 724
21 376 724
20 362 647
61 0 574
60 0 427
41 0 513
54 77 724
62 364 669
8 712
43 2 712
3 0 680
35 75 380
12 157 442
28 26 519
59 0 450
54 96 712
50 0 698
42 777
135 7 429
3 332 777
75 0 434
31 294 777
129 0 684
111 0 654
96 52 218
80 220 777
36 492 777
97 0 463
63 0 621
120 167 777
18 101 777
33 0 654
20 0 734
66 0 553
105 0 766
115 0 542
19 26 777
50 61 456
84 0 345
8 0 526
43 0 271
48 0 666
78 337 777
53 0 681
35 0 574
25 42 252
41 0 415
126 0 634
134 0 776
34 0 679
59 82 777
102 0 770
62 312 777
100 0 718
47 0 662
130 0 725
101 0 675
79 540 777
127 437 777
44 126 777
30 340
83 0 279
52 26 340
5 149 340
6 0 188
69 0 314
78 0 207
66 82 340
97 0 266
23 144 340
84 91 267
11 0 311
22 16 340
71 10 340
63 0 301
2 0 253
10 0 190
29 0 312
24 0 314
93 172 340
39 0 336
87 169 340
55 78 340
18 0 304
79 0 312
82 69 340
90 107 340
37 0 332
94 64 340
9 0 336
96 186 340
1 693
71 0 478
16 241
16 49 235
39 0 208
51 23 223
1 186 241
50 123 241
53 75 241
28 0 127
54 31 241
40 0 208
26 153 214
56 0 145
6 114 171
17 48 241
9 97 200
25 9 241
13 0 120
28 234
23 140 234
52 64 234
22 0 117
42 90 234
41 58 234
48 7 234
35 0 117
60 153 234
47 15 234
56 110 234
8 5 234
4 0 213
25 111 195
12 9 234
55 0 205
45 0 231
62 1 58
64 9 234
40 0 232
32 40 234
5 50 122
58 105 234
50 103 191
63 0 176
44 20 234
7 46 234
0 0 177
6 90 234
6 113
25 11 72
5 6 113
14 0 47
18 45 113
47 31 77
8 0 74
23 206
62 19 206
43 65 205
6 0 175
69 0 172
1 0 161
72 133 189
33 93 206
35 38 206
29 29 206
34 98 206
70 58 206
57 82 206
75 0 193
46 3 206
82 37 206
4 0 198
60 0 172
83 0 176
80 0 57
59 0 79
42 62 205
85 11 206
30 71 188
50 100000
100000 25697 100000
96114 0 75919
55020 45840 100000
12712 30014 100000
8973 0 62582
36320 6906 56362
66239 36919 100000
98030 50788 100000
36614 0 56722
6471 46773 91136
97823 59309 100000
38506 0 72487
69706 0 97253
75371 46851 99114
71451 21863 100000
41964 21457 100000
82415 0 99442
83585 0 73981
55014 0 100000
8483 54911 82330
62819 18776 38932
92868 28387 100000
41311 0 65188
83336 15898 56458
2864 0 55258
75766 0 77956
40160 1301 100000
46238 16980 100000
75249 51257 100000
7754 22034 55502
19835 0 91045
6406 0 93733
94401 37861 100000
10218 0 50747
25496 0 59498
49929 52410 82083
88840 419 26105
47287 0 97402
34402 48022 81453
95982 0 38149
94061 4309 74476
91984 23971 70310
21500 0 80809
59436 0 57030
53720 0 40937
63724 23903 100000
44995 0 76747
16687 0 65194
59953 0 83332
16243 8047 60955
3 9
33 0 6
66 0 9
99 3 9
48 689
56 203 689
9 0 678
37 423 689
58 193 689
62 401 689
1 0 493
19 0 279
28 0 654
40 28 689
29 206 644
51 160 689
71 97 689
77 57 689
24 0 556
25 406 658
32 0 537
8 203 689
48 0 448
42 313 689
31 160 689
74 0 460
55 56 689
63 45 674
69 166 689
36 0 559
68 338 689
20 0 462
10 0 318
64 384 649
0 241 689
22 0 664
41 385 689
70 54 689
67 0 650
17 0 269
76 0 446
78 0 606
12 371 689
38 79 689
49 50 689
33 0 426
65 189 601
54 0 509
13 312 689
52 0 435
57 342 689
45 0 575
34 0 557
40 108
75 37 107
33 13 100
40 20 108
120 10 108
121 0 86
17 0 99
38 54 104
44 15 108
24 0 36
71 48 108
122 33 102
112 0 40
45 0 95
109 0 107
97 0 100
18 20 108
104 0 107
7 13 108
42 0 94
125 10 108
76 0 57
92 2 108
91 77 100
62 44 99
102 0 108
66 0 73
4 0 101
50 19 108
114 0 83
77 5 108
8 57 108
13 0 63
127 0 108
106 14 57
117 0 99
22 12 108
81 8 108
119 0 75
85 0 59
105 34 108
14 556
57 0 372
54 0 492
55 283 441
42 201 556
13 0 266
26 218 556
60 118 556
15 220 556
2 83 556
0 24 556
59 5 556
31 0 123
5 0 402
36 0 556
10 686
5 3 686
16 358 686
14 108 686
20 93 541
17 321 637
26 0 287
27 131 686
4 210 686
9 270 602
7 0 344
18 361
2 148 361
30 50 361
27 0 348
25 0 276
38 3 361
17 0 327
28 82 361
24 0 265
32 147 361
8 149 361
34 25 306
33 46 361
19 37 361
5 0 338
6 14 361
22 116 321
20 0 131
37 55 361
34 494
0 82 494
13 60 222
50 152 494
18 363 494
30 212 317
5 0 363
52 0 442
35 290 494
40 43 494
21 48 494
33 107 494
38 315 427
9 0 359
41 243 419
1 0 480
49 172 494
7 155 494
34 134 494
18 0 355
54 0 215
56 0 458
43 268 490
46 145 457
23 20 494
47 0 412
11 0 358
60 0 459
12 0 213
17 15 494
10 77 419
32 263 393
3 0 477
15 149 273
4 0 468
45 344
48 23 255
10 0 267
27 0 342
6 0 286
22 96 210
37 0 178
41 0 265
23 84 344
14 86 173
42 0 127
51 95 344
61 136 249
3 39 344
19 51 344
46 75 344
47 0 301
49 0 239
0 106 344
34 5 344
21 100 344
58 4 107
44 80 344
31 0 268
26 78 344
52 179 325
45 0 133
59 136 344
5 0 274
55 140 344
38 11 344
43 2 344
30 0 321
20 24 300
24 110 344
13 0 164
57 53 344
42 242 332
7 0 280
50 0 280
17 64 199
53 97 344
29 0 280
40 52 344
35 76 344
25 30 344
7 30
10 0 10
20 0 10
5 8 21
15 7 20
25 9 22
10 20 30
20 20 30
18 923
25 7 804
50 0 866
5 0 366
85 568 923
79 600 923
45 0 923
73 490 923
69 82 923
23 76 923
13 0 859
44 119 923
0 0 329
38 218 923
6 53 372
98 0 782
37 74 802
31 53 923
46 520 923
14 853
12 71 598
1 232 853
34 332 607
26 0 672
50 100 853
38 0 613
29 35 853
46 222 853
33 0 756
37 232 853
13 0 398
17 22 636
10 0 472
28 0 702
34 533
71 336 533
0 27 443
107 0 259
94 0 441
5 166 533
9 0 410
31 18 144
130 132 533
15 361 478
67 260 533
46 63 533
73 138 256
83 30 175
109 188 533
121 0 511
62 38 533
11 97 401
37 0 211
45 0 453
10 173 533
32 0 353
87 0 415
68 72 273
38 0 519
110 41 533
8 29 533
42 210 353
31 257 400
86 254 533
72 83 447
6 310 533
47 65 533
90 83 410
54 148 533
6 435
32 0 245
24 42 435
12 250 435
30 215 435
26 0 376
2 0 269
4 14
34 5 13
17 0 8
41 4 9
8 6 14
35 887
57 196 887
59 16 887
29 0 658
74 51 812
22 107 887
82 0 448
105 62 887
26 0 757
50 0 696
13 0 782
17 0 847
64 322 887
37 522 887
91 533 822
36 0 521
11 56 887
34 349 887
70 0 772
71 545 887
108 133 887
3 147 887
32 0 833
89 0 821
21 0 681
87 87 887
68 391 887
38 0 684
40 373 887
116 88 467
58 93 887
7 355 887
55 0 481
16 0 706
123 0 867
94 487 887
19 118
58 64 116
80 0 118
109 17 118
20 0 100
35 0 54
93 25 118
36 0 93
8 0 117
6 18 90
10 6 37
55 11 93
106 5 118
50 19 118
18 50 118
54 0 28
25 0 41
37 0 83
101 32 118
4 79 105
37 808
47 0 673
42 405 808
76 0 628
5 0 782
69 226 808
78 192 808
85 316 808
57 177 517
9 58 808
11 0 369
34 0 613
99 139 808
35 0 762
2 133 808
49 29 808
94 0 457
3 0 446
77 0 530
13 318 808
18 0 237
29 0 808
98 0 762
103 0 758
56 241 808
68 0 296
8 9 808
25 98 808
44 288 808
48 0 785
17 0 555
92 393 797
74 0 445
24 0 367
102 565 808
89 0 238
4 268 703
21 7 808
2 218
0 0 170
27 0 207
41 565
22 0 509
94 0 364
65 0 341
64 22 565
127 8 565
112 0 183
43 266 565
0 312 565
8 93 565
95 92 565
88 0 465
69 0 204
70 43 565
124 207 565
146 308 565
123 0 198
92 48 565
67 89 321
109 336 565
80 203 565
106 226 518
136 286 565
128 0 507
126 48 527
51 0 329
68 0 561
45 0 474
107 67 565
12 254 522
42 161 385
140 89 382
148 246 565
20 0 307
23 0 303
121 105 565
26 0 486
17 0 367
54 0 524
135 0 519
91 0 421
111 0 262
27 907
28 0 586
65 34 907
49 225 907
29 0 857
9 270 907
74 237 907
36 599 907
0 167 907
33 499 907
52 0 670
71 6 907
22 58 907
20 431 907
11 41 907
4 379 907
39 9 907
62 199 403
27 278 907
55 607 907
72 366 733
2 0 539
41 223 907
38 0 851
50 371 700
76 0 685
19 0 702
10 0 845
25 614
3 497 552
3 133 298
12 395 522
9 112 493
11 567 614
0 364 401
4 105 386
2 0 449
4 73 80
4 475 505
6 275 423
1 20 380
10 29 180
0 41 352
8 56 157
6 0 70
11 284 317
7 247 385
10 212 614
8 422 469
12 0 337
8 504 557
1 399 598
3 424 459
0 452 486
19 65
63 11 65
3 1 65
46 7 65
37 33 57
24 0 62
27 0 51
80 2 65
35 13 46
30 0 59
58 0 60
70 2 62
13 4 26
68 0 60
25 1 45
73 0 42
31 1 65
19 44 65
2 0 24
56 0 48
44 711
1 16 642
22 190 711
2 138 711
23 0 546
43 63 711
16 0 530
14 201 711
54 136 711
46 0 670
62 212 711
47 0 666
27 160 711
34 139 711
17 140 711
21 0 638
15 288 711
57 0 463
4 0 681
60 0 416
42 41 347
8 0 401
28 80 711
6 0 243
20 311 509
39 231 495
30 0 638
53 22 711
13 49 625
19 0 201
56 89 711
45 436 630
12 186 711
24 136 711
33 0 593
51 0 366
0 375 711
44 237 711
37 0 625
29 0 615
9 402 561
26 0 687
5 0 687
49 0 665
7 0 556
28 215
84 34 113
96 0 186
65 130 215
23 0 174
44 106 215
87 0 110
13 0 176
37 129 187
52 128 215
49 59 215
2 0 135
19 0 204
6 83 215
83 0 198
72 0 133
123 89 215
71 0 113
63 0 204
43 63 215
78 0 173
42 23 181
45 0 121
86 0 158
102 27 210
75 0 115
35 0 205
55 130 215
124 16 215
23 34
16 7 34
17 0 25
11 10 21
31 0 33
13 4 34
33 0 28
1 15 34
44 1 34
36 5 34
25 0 10
6 18 34
18 0 11
21 1 34
7 15 34
28 5 24
40 0 23
4 17 24
12 8 32
15 15 29
46 0 25
0 0 18
9 0 27
45 9 18
3 461
2 0 459
51 0 153
66 0 156
43 177
95 0 83
10 0 155
62 80 177
6 0 105
118 50 105
3 63 177
50 0 100
9 0 112
115 0 52
13 0 116
76 43 177
79 0 80
94 44 150
37 5 177
114 0 140
74 68 177
87 0 110
77 0 113
35 0 136
52 21 177
92 29 177
12 15 177
28 44 177
42 57 95
20 0 100
111 52 177
121 29 177
53 65 143
58 0 69
91 45 177
54 5 177
120 41 177
69 60 177
73 0 133
106 0 74
103 8 177
22 73 167
96 66 177
89 33 177
0 102 177
105 4 177
65 0 174
112 0 158
49 935
42 0 518
68 337 935
27 77 935
25 361 935
24 0 407
29 4 282
12 0 802
56 43 513
8 252 808
11 161 935
31 0 770
0 0 627
36 329 557
16 194 935
49 0 803
19 287 631
18 122 935
61 403 935
20 392 935
1 0 548
52 0 891
62 259 493
64 0 733
33 38 935
9 17 935
67 568 872
37 0 698
71 0 893
38 0 654
34 0 638
70 140 935
2 0 750
13 256 935
17 476 935
40 155 591
26 565 760
22 0 778
55 66 935
26 0 538
15 89 847
54 570 833
60 98 935
43 208 495
53 357 935
5 425 935
7 155 701
23 95 494
65 516 935
41 354 700
22 633
73 0 628
63 382 633
43 32 508
58 0 486
55 197 633
0 99 633
83 96 222
9 0 544
4 374 627
88 16 633
57 0 517
82 258 633
70 168 321
12 12 633
74 0 605
80 0 447
41 279 633
75 200 633
64 169 355
36 7 486
2 269 633
15 0 415
44 394
48 45 394
88 0 239
105 0 157
126 0 236
82 180 394
47 0 113
31 0 156
76 74 394
78 0 197
54 102 203
128 0 386
18 42 394
79 119 394
100 94 394
62 56 342
122 221 394
32 0 151
59 77 394
40 42 143
131 55 379
93 0 338
49 222 394
56 119 301
117 171 394
83 116 394
99 0 328
41 0 258
7 257 394
22 0 148
50 0 303
57 37 226
75 0 393
102 110 394
77 0 375
19 176 394
85 15 394
70 170 394
34 13 205
133 131 394
30 69 394
35 150 382
125 0 373
9 0 244
46 0 187
50 99202
100000 0 96169
53116 50488 74909
23357 18780 99202
93787 9103 99202
77257 34264 95152
53650 55301 99202
2000 0 68636
6898 73147 99131
12900 0 33902
12858 32036 99202
65546 45191 99202
77980 0 95882
41097 0 73031
48945 0 71642
66955 51038 99202
50071 16696 99202
10494 61371 99202
67434 27037 99202
38739 0 90799
19152 16484 99202
27051 0 79043
10760 24800 99202
79707 0 58702
98486 0 60459
82801 0 84683
4012 25667 99202
19910 15157 99202
30982 0 39906
38436 29222 99202
31404 67062 97488
60985 6555 34890
35033 5793 99202
22290 0 84025
60104 36758 57780
69717 0 88052
81327 17662 42294
10245 0 56466
36295 0 76587
53402 13361 39744
8640 12064 92188
72535 17499 99202
72847 38181 90175
10876 31436 85085
93953 0 48837
89083 5610 37974
41329 11393 99202
6862 0 80494
28833 0 80754
40353 4486 93115
87949 6530 99202
9 777
0 52 777
46 0 565
4 317 777
8 53 777
17 0 775
3 0 539
44 0 724
37 31 777
50 291 777
30 954
37 140 954
45 297 954
50 42 954
39 125 954
34 481 954
44 39 954
26 0 916
58 696 954
19 353 878
54 0 647
48 623 954
52 251 954
16 0 920
18 209 954
14 478 822
47 198 954
38 227 954
28 285 954
42 0 779
31 482 954
0 0 881
57 481 756
3 0 536
17 113 954
51 179 659
32 0 628
30 14 954
5 0 589
23 313 521
12 256 954
27 584
94 105 584
106 0 519
84 189 584
29 0 479
60 150 584
51 273 584
33 160 584
95 0 436
123 0 383
18 0 384
8 0 351
21 84 584
115 144 338
113 25 584
48 0 389
27 123 584
78 28 584
49 0 495
44 168 476
100 264 390
108 0 232
41 0 479
0 238 360
53 158 584
26 102 584
5 49 584
80 271 487
28 440
67 0 341
23 0 287
28 0 346
88 126 271
50 90 440
39 94 194
74 0 250
52 103 440
85 17 381
8 172 344
6 92 381
45 0 194
89 0 310
63 0 151
43 83 440
65 216 440
46 117 355
58 0 336
19 188 302
11 50 142
1 88 440
81 104 356
29 150 440
5 0 425
30 125 440
70 83 372
7 0 279
55 300 398
2 182
18 75 182
0 49 182
50 96584
100000 0 94697
73849 14298 96584
93796 24441 96584
13460 24999 96584
10767 56877 96584
92069 44057 96584
75407 62653 96584
96263 10526 96584
3620 9617 74034
59437 0 63032
64203 40718 96283
17953 0 52219
35414 0 67173
59734 10674 96584
78977 0 37380
16388 4097 96584
10495 0 84305
34264 0 42586
53344 0 78592
46596 0 76741
767 0 82734
76046 0 92700
69677 57469 96584
71407 0 78091
66144 0 80435
48261 34023 96584
96994 3717 71988
28809 0 63831
14149 0 96584
97692 0 94155
12011 31215 96584
99283 21773 96584
30636 0 83267
69214 0 72741
9147 0 67523
58603 38955 96584
20284 38889 94358
58663 13951 65504
97228 0 42290
31577 44555 96584
65257 18384 96584
7620 0 78381
62421 0 57178
47356 35657 96584
5542 0 88859
1532 23726 96584
58719 4324 96584
12941 0 83068
48258 0 93141
73165 44971 96584
22 385
30 288 377
41 0 334
39 0 225
35 76 385
22 117 385
19 98 339
45 150 230
7 284 385
4 141 385
14 102 385
24 116 339
42 162 385
46 29 385
34 218 385
21 39 385
18 149 385
23 32 385
9 0 303
37 58 385
25 0 320
20 233 385
40 0 165
24 34
71 13 34
34 8 34
24 0 25
27 0 16
80 9 34
44 13 34
25 0 14
25 20 34
33 0 12
77 0 29
18 2 18
82 0 13
17 0 13
15 0 16
45 0 15
83 14 34
70 0 17
35 22 34
49 1 17
0 13 34
36 0 32
88 0 18
59 0 33
58 13 34
22 937
27 0 803
122 18 937
90 0 725
101 123 635
113 186 937
97 104 791
57 716 928
22 122 601
2 170 937
8 0 605
100 0 501
91 0 472
109 25 924
9 340 937
62 41 641
99 0 653
37 93 937
52 0 545
64 68 937
35 89 937
29 338 937
68 0 480
21 832
0 24 832
4 0 734
41 8 832
51 0 724
49 122 832
37 0 674
8 0 598
44 48 832
27 458 832
7 0 808
12 0 624
2 445 775
20 53 832
23 0 427
53 0 449
21 359 832
9 87 360
54 0 411
39 384 832
65 141 832
13 0 832
29 991
60 59 892
11 0 853
46 0 592
90 0 846
88 0 468
91 0 810
25 0 676
28 0 748
57 0 543
22 103 991
44 0 727
20 44 991
7 0 428
30 0 941
19 0 771
12 405 991
77 306 991
37 0 672
98 20 991
21 0 872
63 0 629
78 0 886
3 0 954
32 267 991
65 9 991
38 204 991
48 62 991
80 535 991
29 544 896
40 202
28 0 192
69 0 192
51 0 191
32 3 202
49 0 107
25 0 165
74 0 94
36 0 163
63 86 202
6 40 167
66 32 150
82 0 185
40 0 188
60 25 188
18 112 156
0 0 156
43 22 202
91 53 202
4 37 121
1 56 202
38 96 177
62 59 202
22 0 192
86 44 202
37 26 202
47 16 202
2 2 102
20 0 183
55 12 202
71 74 134
39 0 84
68 148 202
83 55 202
79 96 202
58 69 202
90 46 120
33 0 180
23 0 200
81 0 65
35 20 202
39 426
35 207 351
21 0 257
23 0 379
16 0 359
17 90 426
54 231 364
11 132 426
49 168 426
34 0 376
13 0 175
47 55 426
25 335 426
53 103 342
29 37 312
7 164 426
12 74 426
45 15 426
3 0 243
41 0 385
48 194 426
39 0 386
22 96 426
37 95 297
8 30 426
43 116 426
20 0 362
44 85 426
50 0 410
10 238 426
28 0 425
38 202 426
40 0 342
0 0 313
52 121 426
36 80 426
4 121 426
24 6 426
51 263 426
19 130 426
48 951
4 0 884
66 439 951
43 629 951
47 145 951
74 277 951
19 187 951
91 0 950
93 0 355
16 0 762
45 76 951
97 0 818
8 0 743
22 108 951
41 0 479
78 269 708
79 325 951
28 88 951
63 0 347
94 0 753
11 144 951
72 127 579
60 0 435
21 54 951
58 246 951
64 0 911
17 683 951
82 433 831
35 0 691
50 488 951
70 218 696
61 0 650
15 370 951
30 0 551
69 45 951
44 64 951
31 451 951
38 291 747
48 0 767
25 653 947
2 580 951
68 89 951
92 0 536
7 427 951
65 138 951
67 251 940
84 321 935
95 0 646
9 0 768
44 567
53 428 567
47 169 567
77 32 567
45 33 226
17 0 491
43 112 567
80 0 431
74 215 486
40 0 341
9 327 567
62 47 567
13 0 300
32 346 567
66 46 531
4 171 567
81 308 567
26 29 567
3 63 567
54 203 567
29 0 498
73 211 567
6 106 567
70 0 199
78 0 488
71 113 424
21 359 567
23 86 309
24 0 406
68 0 522
72 332 567
33 0 411
20 34 567
59 316 560
0 0 505
25 0 567
69 0 401
65 261 567
11 366 567
50 1 567
41 98 567
18 107 476
5 0 326
70 229 567
7 20 567
8 738
52 140 738
26 59 738
3 0 732
70 408 738
16 0 515
35 0 631
55 245 738
6 274 738
11 990
12 0 862
23 183 990
24 283 990
18 405 990
46 125 990
25 293 990
13 41 691
10 0 949
28 5 990
7 758 983
26 261 990
12 824
12 0 202
2 208 824
32 53 824
49 0 792
40 205 824
39 0 609
5 0 578
24 0 577
10 438 699
13 30 824
7 465 680
20 0 622
27 843
38 149 843
19 0 817
24 0 641
26 188 843
22 0 711
40 0 743
12 0 212
11 56 843
5 0 633
39 0 788
41 0 843
13 361 675
33 53 843
47 365 843
28 274 843
44 195 843
35 89 843
8 54 843
18 265 843
20 0 562
27 0 347
17 194 432
32 302 843
9 90 843
14 53 843
3 27 843
43 0 836
30 839
49 15 839
28 0 431
23 210 839
11 0 792
3 287 839
14 82 839
12 321 529
40 0 791
48 20 328
24 96 839
27 0 728
4 348 839
7 63 359
15 17 839
43 357 628
29 72 544
26 0 754
39 0 599
50 0 720
45 0 560
34 101 839
5 120 839
8 0 653
1 0 839
41 46 839
13 109 839
17 144 839
36 531 839
31 13 839
46 530 839
35 256
62 0 199
119 0 245
30 0 84
52 42 256
66 72 256
98 98 256
46 50 256
82 37 256
71 23 256
64 0 228
111 56 256
88 86 256
100 0 135
81 15 256
112 0 205
12 19 256
10 0 231
116 109 256
27 52 256
91 150 236
17 0 178
90 50 256
42 72 218
32 0 176
16 42 256
2 0 180
24 55 256
93 1 256
102 0 111
75 116 202
34 0 227
13 41 256
95 0 220
9 77 256
109 0 236
42 951
20 0 928
57 228 951
74 123 951
63 0 429
1 397 951
81 12 764
35 0 906
43 668 865
65 504 951
71 294 951
44 578 951
90 586 893
9 38 951
34 0 888
3 0 436
83 256 631
0 0 951
5 44 711
38 68 510
21 4 951
15 11 473
13 249 705
29 0 916
18 250 951
59 612 951
30 0 890
42 0 933
78 0 615
70 667 873
68 141 407
16 0 684
56 0 721
66 0 951
3 532 951
36 510 840
77 38 951
17 56 768
82 0 945
67 109 951
61 334 531
2 0 794
70 171 409
10 79
36 9 79
40 0 79
49 0 61
6 0 22
18 8 53
65 13 79
63 56 79
9 0 45
75 18 79
38 1 46
36 471
63 51 239
39 129 471
112 61 415
5 0 299
93 0 363
54 19 471
24 121 471
26 0 470
85 0 355
47 77 369
106 28 471
67 246 471
78 0 305
66 0 447
58 0 339
36 67 471
31 162 471
100 26 471
107 0 343
27 0 342
38 365 468
50 0 216
83 183 471
108 0 165
7 0 439
18 0 353
43 263 471
12 65 471
48 216 471
21 186 307
71 79 312
14 154 471
29 212 321
17 120 439
87 0 313
108 282 471
48 294
93 93 294
84 157 294
11 164 293
4 0 287
17 0 211
37 0 224
44 106 294
26 55 294
43 110 294
81 18 242
72 0 244
14 30 294
101 127 294
96 124 184
106 98 294
68 0 234
78 30 294
12 214 294
41 0 256
19 88 294
9 27 93
102 0 279
95 16 162
56 18 164
13 18 294
20 93 294
59 63 294
35 70 294
104 0 294
27 0 136
85 0 119
89 194 294
65 28 137
15 47 294
10 131 294
73 115 294
39 10 294
6 138 294
45 147 294
83 0 230
76 93 294
18 164 294
33 78 294
22 0 209
51 130 294
69 0 292
91 0 279
3 65 236
35 988
17 11 988
45 69 779
55 151 988
18 0 611
76 115 988
89 73 582
26 11 988
80 0 689
11 198 988
65 106 905
7 0 415
77 0 713
34 173 988
40 0 396
31 0 653
60 42 988
94 266 681
29 21 988
24 104 368
3 374 988
25 409 708
22 248 536
71 0 601
13 0 842
85 0 811
57 56 988
70 0 683
4 397 988
28 0 842
72 0 773
74 296 988
37 140 988
5 55 988
30 297 988
36 0 556
50 98284
100000 5458 98284
64300 20582 98284
68536 0 71714
77429 38856 89272
98653 37320 98284
65306 0 87157
3805 0 52238
72459 0 58299
78865 0 86428
39435 16623 54774
11897 33115 98284
34572 0 23141
32250 62365 98284
10260 21091 98284
84169 36211 98284
25176 0 74258
39473 3334 86649
7089 23866 98284
55172 60001 98284
50531 32090 98284
99168 0 59733
51628 18641 98284
7660 0 93802
7183 0 82741
79718 14069 98284
25543 0 57058
23496 0 86069
17746 13062 98284
2110 5704 98284
46688 0 97748
76153 54340 77074
3376 2564 75286
98967 6405 98284
23138 7291 98284
24567 31205 98284
89293 46514 98284
28988 0 59831
8648 0 94160
10362 0 76400
52343 9819 98284
95982 24608 70273
79937 0 94564
70490 9285 98284
80488 0 40632
40116 39687 96962
74238 14411 98284
20551 61517 88444
79861 4588 98284
1714 9369 98284
41989 16633 98284
1 381
44 0 219
23 201
12 24 94
93 3 201
84 34 201
4 0 188
40 0 187
3 25 201
24 0 166
95 0 194
6 39 201
75 0 60
104 85 201
101 0 158
34 0 192
80 0 195
79 138 201
0 0 131
7 119 201
102 64 194
11 0 101
57 93 201
9 6 201
73 0 134
77 20 201
34 666
63 0 606
61 138 666
44 162 660
31 48 182
52 0 607
68 186 666
66 320 666
107 0 260
43 0 351
32 0 584
18 0 656
77 0 640
64 0 450
38 25 340
92 42 666
78 0 403
73 230 666
56 368 537
35 85 619
46 116 666
3 0 651
93 56 328
86 55 666
79 0 332
75 0 603
82 321 522
8 0 633
37 0 618
90 74 385
71 41 304
42 72 248
10 241 666
6 385 666
30 0 636
22 11
0 0 6
2 0 5
24 0 10
28 0 8
30 5 11
37 3 7
43 3 11
19 0 9
32 0 10
39 0 9
27 6 11
3 2 11
29 5 11
4 0 9
1 7 11
5 5 11
33 0 8
13 4 11
45 5 11
16 0 8
22 6 11
23 1 5
