500
4 3 2
4 3
1 3
2 3
191 3 2
48 3
12 2
154 2
268 125 2
95 43
133 87
178 56
245 3 2
69 2
231 2
54 2
299 54 2
163 31
161 22
293 53
74 3 2
3 1
62 2
27 3
3 4 2
3 2
1 2
2 2
173 44 2
143 12
80 26
129 22
297 3 2
153 2
222 3
27 1
3 3 2
3 1
1 2
2 2
3 3 2
1 1
2 2
1 2
3 3 2
2 3
2 2
2 1
3 296 2
1 145
1 287
1 100
25 65 2
5 10
6 16
7 9
226 209 2
148 7
177 8
222 185
4 4 2
2 2
4 2
2 3
118 292 2
30 213
17 71
81 234
3 3 2
3 1
2 3
1 1
208 41 2
30 4
106 21
112 25
3 3 2
1 2
3 1
3 2
46 3 2
5 2
39 3
20 1
3 276 2
2 25
3 99
3 19
94 3 2
35 3
42 1
69 2
3 3 2
3 2
1 1
2 1
228 70 2
119 56
87 32
70 27
3 3 2
3 3
3 2
2 2
3 3 2
2 1
1 3
3 1
4 4 2
1 1
2 1
4 1
109 300 2
31 290
66 235
76 294
3 3 2
3 1
3 2
2 3
290 279 2
170 194
45 3
137 190
296 3 2
88 1
237 1
65 2
3 173 2
3 22
2 139
2 87
284 3 2
264 1
245 2
217 1
300 300 2
1 1
1 3
3 1
101 3 2
33 3
15 3
23 1
160 77 2
156 58
106 65
56 49
241 3 2
6 2
229 3
155 3
285 188 2
37 170
182 88
284 169
174 89 1
125 82
48 49
141 267 2
131 38
1 215
3 95
3 3 2
2 3
1 1
2 2
172 242 2
1 140
47 226
147 42
291 177 2
259 154
268 97
265 113
97 274 2
70 76
62 269
85 57
4 3 2
2 3
2 1
2 2
3 3 2
1 1
3 1
1 2
209 244 2
187 202
38 243
193 43
3 3 2
1 1
2 3
2 1
267 141 2
37 110
151 96
107 43
239 96 2
163 43
97 71
186 81
3 4 2
2 3
2 1
2 2
4 3 2
2 2
2 3
3 2
170 230 2
168 48
31 16
2 125
149 7 2
41 2
121 7
117 1
3 3 2
1 2
3 3
3 2
3 53 2
1 31
2 42
1 23
4 4 2
1 2
1 3
1 4
234 91 2
129 85
46 55
143 84
3 3 2
3 2
1 1
3 3
153 285 2
10 36
90 263
121 210
104 271 2
20 198
73 242
41 62
268 3 2
251 2
170 2
158 3
6 61 2
1 40
1 24
1 56
4 4 2
1 1
1 2
2 3
3 4 2
1 4
3 4
3 1
4 3 2
4 1
3 3
2 3
58 3 2
6 1
16 3
38 2
3 3 2
1 2
2 3
1 3
3 3 2
2 1
2 2
3 1
242 112 2
199 104
223 111
187 1
226 3 2
23 1
182 1
6 2
4 3 2
3 2
3 3
1 1
3 3 2
1 1
2 1
3 2
287 89 2
203 36
127 72
233 67
204 268 1
4 197
14 18
4 4 2
3 1
2 4
4 2
4 3 2
4 3
2 3
1 2
134 195 2
95 91
74 21
55 111
60 226 2
54 30
47 205
15 45
167 221 2
97 21
65 129
138 68
45 116 2
19 78
44 77
7 106
3 3 2
2 3
3 3
1 3
245 231 2
8 161
5 46
140 93
4 4 2
4 2
2 3
2 4
3 3 2
3 1
3 3
2 1
33 3 2
10 2
10 1
9 3
88 83 2
66 62
69 43
25 57
111 3 2
6 1
2 1
33 2
3 292 2
2 41
3 147
1 95
3 3 2
2 3
1 3
3 2
3 3 2
3 3
3 2
1 1
3 3 2
1 3
2 3
3 1
22 3 2
15 2
22 2
19 3
4 3 2
1 2
4 2
1 3
4 4 2
3 4
2 1
3 1
3 3 2
2 1
1 3
2 3
3 3 2
2 3
2 2
3 3
90 125 2
31 64
79 107
63 117
4 3 2
4 2
1 1
4 3
127 60 2
47 23
33 17
92 17
3 3 2
1 3
1 2
1 1
171 234 2
58 26
69 153
83 50
72 300 2
38 228
56 46
44 66
41 3 2
24 1
36 1
21 1
4 3 2
4 1
3 2
1 1
4 3 2
4 2
1 1
2 1
3 3 2
1 3
3 1
1 1
3 4 2
3 1
3 4
2 2
233 31 2
1 12
202 25
229 1
160 163 2
38 130
112 4
58 86
4 4 2
2 3
3 4
4 2
228 74 2
165 60
155 6
100 47
217 9 2
213 5
194 9
114 4
3 4 2
1 4
1 3
3 4
3 3 2
3 2
1 1
2 2
273 291 2
61 163
120 29
231 45
147 3 2
15 2
38 3
120 1
4 4 2
4 3
2 3
2 1
4 4 2
1 2
4 1
3 4
3 3 2
1 3
3 2
2 1
256 16 2
24 14
88 12
19 12
259 179 2
141 162
185 106
101 127
3 3 2
2 3
1 1
2 1
3 191 2
3 184
2 46
1 113
67 25 2
32 10
66 3
21 18
4 3 2
3 3
4 1
4 3
99 3 2
18 3
75 1
20 2
3 3 2
1 3
2 2
1 1
3 3 2
2 1
2 2
3 2
23 108 2
14 9
8 92
6 59
180 160 2
76 144
177 64
151 55
3 267 2
2 189
3 88
3 150
272 47 2
155 20
148 20
101 33
3 3 2
3 2
1 2
3 3
4 4 2
1 4
4 4
2 2
253 241 2
210 160
88 202
229 174
168 21 2
163 10
97 9
138 21
9 238 2
8 156
5 230
4 8
142 5 2
126 5
29 1
49 2
3 3 2
2 2
3 1
1 2
3 3 2
1 1
2 2
3 3
176 3 2
159 3
79 3
42 3
3 3 2
3 2
2 3
1 3
156 123 2
16 34
19 59
132 118
3 37 2
3 29
3 35
3 4
4 4 2
1 1
4 4
2 2
3 3 2
2 3
1 1
2 1
144 3 2
89 3
100 3
129 1
3 3 2
1 2
2 1
3 1
198 3 2
55 1
177 2
71 1
3 3 2
3 1
3 3
1 2
3 3 2
2 2
1 3
1 1
188 223 2
143 19
54 191
156 118
4 4 2
3 4
1 3
3 2
63 165 2
45 1
26 71
34 83
4 3 2
2 1
3 1
2 2
4 4 2
2 1
4 1
2 2
3 187 2
2 63
1 22
2 78
3 3 1
1 1
2 2
55 70 2
50 70
2 64
21 28
298 35 2
61 20
83 34
66 34
3 159 2
1 116
2 89
2 101
227 3 2
138 3
72 2
86 3
3 3 2
2 3
3 2
3 3
3 3 2
3 2
2 3
1 1
280 234 1
221 97
32 26
3 3 2
2 2
2 3
1 2
32 3 2
3 3
8 2
9 1
3 3 2
3 2
1 1
2 3
4 4 2
4 1
4 4
2 1
3 90 2
2 32
3 52
3 31
4 3 2
4 1
4 3
3 3
3 3 2
1 2
2 3
2 2
3 3 2
2 3
2 2
1 1
3 3 2
1 1
3 3
2 2
3 10 2
2 10
1 9
3 9
109 3 2
37 3
79 1
96 1
3 3 2
1 1
3 3
1 3
285 209 2
182 20
125 50
228 189
3 10 2
2 10
1 9
3 9
242 173 2
210 29
94 76
144 64
4 4 2
1 2
4 3
2 2
4 3 2
4 2
3 3
2 3
248 275 2
86 128
145 122
16 19
3 3 2
3 1
2 1
3 2
4 4 2
4 4
1 1
3 3
3 294 2
2 133
2 29
2 136
3 3 2
2 1
1 1
1 3
33 204 2
23 87
1 194
33 43
163 150 2
141 92
10 57
156 118
180 3 2
75 3
1 3
112 2
3 3 2
3 2
1 3
2 2
9 281 2
3 184
8 240
3 278
196 284 2
166 92
88 177
39 240
204 116 2
158 80
18 68
122 93
232 36 2
221 11
229 21
207 19
281 3 2
104 3
271 3
40 3
239 260 2
205 130
211 47
13 189
3 3 2
1 1
3 3
1 3
260 248 2
212 121
112 198
193 141
103 239 2
60 194
53 70
103 189
3 3 2
3 2
2 3
2 2
4 4 2
3 2
2 1
2 2
254 32 2
29 17
40 5
204 24
3 21 2
1 1
1 14
3 11
4 271 2
2 236
3 168
3 89
3 34 2
1 8
2 22
3 16
3 3 2
3 3
3 1
3 2
3 3 2
3 1
2 3
3 3
4 4 2
1 3
1 4
4 1
50 3 2
18 1
4 3
15 3
3 3 2
2 1
3 3
1 1
3 4 2
2 4
1 2
3 3
4 3 2
4 2
3 3
3 2
276 3 2
161 3
177 2
89 2
4 4 2
2 4
4 1
4 3
3 3 2
2 3
2 2
1 2
100 197 2
9 189
63 138
11 143
3 3 1
1 1
2 2
116 180 2
88 84
50 38
29 131
3 4 2
3 4
1 2
2 2
3 3 2
1 3
2 1
3 3
248 170 2
97 101
121 35
163 101
68 112 2
57 26
29 89
4 100
4 3 2
4 2
1 1
3 2
158 34 2
135 16
61 7
66 11
100 16 2
33 3
15 7
23 4
4 4 2
4 3
3 3
3 1
255 81 2
74 12
4 67
27 50
166 179 2
10 48
21 162
151 116
180 18 2
129 10
176 10
67 17
39 244 2
16 175
37 13
9 74
3 4 2
3 1
2 1
1 3
190 195 2
71 146
82 8
37 161
4 3 2
2 1
1 3
2 2
31 296 2
10 119
5 234
6 72
48 90 1
13 33
38 61
223 130 2
95 101
196 15
9 117
276 3 2
246 1
145 2
41 3
4 4 2
4 2
1 4
4 3
4 4 2
4 2
2 1
3 4
3 3 2
3 2
1 2
2 1
3 3 2
1 3
2 3
3 1
71 87 2
36 44
1 87
71 1
231 3 2
50 3
212 2
116 3
4 4 2
3 3
2 4
1 4
3 4 2
2 1
2 2
1 2
29 94 2
13 37
6 75
20 86
4 3 2
3 1
3 3
4 1
4 3 2
4 3
1 1
3 1
95 157 2
38 143
71 37
10 59
130 157 2
128 13
47 99
31 19
244 3 2
220 2
182 2
60 1
4 3 2
4 3
1 3
3 3
117 3 2
79 2
60 3
18 3
94 26 2
29 21
61 19
22 19
114 3 2
14 2
40 3
37 1
20 3 2
4 1
17 2
8 2
17 3 2
11 2
17 3
13 3
205 298 2
150 136
39 115
103 259
68 144 2
52 63
13 141
39 99
251 67 2
88 27
226 5
55 46
226 61 2
118 38
84 50
213 36
26 47 2
21 7
1 30
8 43
3 3 2
2 1
2 2
3 3
225 16 2
93 10
34 5
146 5
3 276 2
2 102
2 208
2 128
3 274 2
3 150
2 241
3 253
20 272 2
7 12
12 50
20 140
111 31 2
65 15
35 4
107 5
31 224 2
27 151
13 176
31 74
3 3 2
1 3
2 2
1 1
3 257 2
1 233
1 11
1 17
3 4 2
3 1
1 3
2 1
3 193 2
1 69
1 37
3 181
3 23 2
2 20
2 21
1 2
166 168 2
32 44
25 139
27 129
4 4 2
1 4
1 2
3 4
184 238 2
179 45
137 177
183 9
3 256 2
3 162
3 208
2 250
4 4 2
1 2
3 1
4 3
230 274 2
33 132
107 18
54 15
4 4 2
1 3
3 2
3 4
3 3 2
3 2
2 1
3 1
4 4 2
1 3
3 2
2 4
3 3 2
3 3
2 1
2 2
80 43 2
60 43
62 28
66 20
3 3 2
1 2
2 3
2 1
3 3 2
2 2
1 2
1 3
4 4 2
4 4
3 2
3 3
3 3 2
2 3
3 1
1 2
169 222 2
26 84
131 82
29 167
4 4 2
3 2
3 1
4 2
4 4 2
1 4
1 3
3 1
3 20 2
3 18
1 11
1 5
236 226 2
138 207
234 63
75 17
4 4 2
3 2
4 1
1 3
3 3 2
3 2
3 3
1 3
140 187 2
53 133
115 43
94 148
241 3 2
24 1
88 3
194 2
3 3 2
3 1
3 2
2 2
198 3 2
7 1
50 1
103 1
250 124 2
147 6
126 88
146 93
3 3 2
3 1
1 3
2 1
3 95 2
2 67
3 88
1 13
3 102 2
2 75
3 32
1 100
3 3 2
2 2
3 3
1 3
3 3 2
1 3
3 3
2 2
126 3 2
47 1
42 3
62 3
300 5 2
2 3
15 2
300 5
4 4 2
1 1
3 4
4 4
3 3 2
3 2
3 1
2 1
75 212 2
29 10
7 63
14 54
3 3 2
3 2
3 1
1 3
3 25 2
2 23
3 20
2 14
152 125 2
142 29
107 118
124 64
64 245 2
5 28
17 9
22 240
101 3 2
7 2
58 1
16 3
37 25 2
37 17
36 18
29 4
64 141 2
21 77
11 126
12 115
3 4 2
2 3
3 2
3 1
55 53 2
48 42
39 31
29 10
222 107 2
187 74
94 24
176 107
135 127 2
131 30
40 86
75 12
4 4 2
1 2
4 4
3 1
39 189 2
7 53
23 32
20 27
219 149 2
27 45
108 66
165 63
34 34 2
30 21
26 13
16 18
3 132 2
3 96
3 13
3 87
194 130 2
162 45
39 130
64 46
3 3 2
3 2
2 2
2 1
8 8 2
8 1
8 8
1 1
119 182 2
116 43
18 48
79 56
188 227 2
88 218
74 176
70 79
4 4 2
3 3
2 4
2 2
296 63 2
5 30
78 47
40 32
3 3 2
3 2
2 2
1 1
3 294 2
2 139
2 81
2 220
136 3 2
125 1
21 3
52 2
214 3 2
101 2
68 3
85 2
4 4 2
4 3
1 3
2 3
300 5 2
2 3
15 2
300 5
64 282 2
2 87
4 194
33 181
69 68 2
9 23
26 16
9 44
3 3 2
3 2
1 3
1 1
3 4 2
2 2
1 1
1 3
36 242 2
27 8
14 116
2 131
3 3 2
3 3
2 2
2 3
4 4 2
4 2
3 3
4 1
4 3 2
3 2
4 3
1 2
149 123 2
16 106
78 24
139 123
3 4 2
3 4
2 1
3 3
4 3 2
1 2
4 1
2 1
68 37 2
26 6
48 36
37 30
3 3 2
3 2
1 2
2 3
189 70 2
67 5
174 30
64 51
19 3 2
10 2
1 1
2 2
53 220 2
34 30
38 1
3 7
4 3 2
1 2
3 2
3 3
3 3 2
1 1
3 1
2 2
7 7 2
4 4
1 7
2 7
300 300 2
1 1
1 2
2 1
283 219 2
250 155
134 128
240 19
47 3 2
46 3
2 3
36 2
3 295 2
2 275
3 128
2 162
86 61 2
22 1
86 38
74 6
4 4 2
3 3
2 2
1 4
258 3 2
163 3
211 2
191 3
113 3 2
31 1
42 2
91 2
199 286 2
57 69
65 214
7 264
257 294 2
117 290
188 102
74 103
3 3 2
1 1
1 3
3 1
248 211 2
3 98
216 158
16 14
8 8 2
8 1
8 8
1 1
81 124 2
25 109
69 65
53 101
28 54 2
9 19
21 26
17 8
241 128 2
140 124
214 90
197 122
4 3 2
3 1
1 1
3 3
298 3 2
101 2
276 1
259 1
299 3 2
9 2
217 2
138 2
3 3 2
3 3
3 1
1 3
8 273 2
8 109
4 201
2 13
225 249 2
178 100
129 202
130 184
3 106 2
3 61
1 89
1 15
4 3 2
4 2
1 1
3 1
135 109 2
26 108
35 44
133 76
254 19 2
49 19
145 12
93 2
4 4 2
4 4
2 2
4 2
203 124 2
151 42
104 105
16 114
3 3 2
2 2
2 3
1 3
3 3 2
1 1
2 1
3 3
291 211 2
208 67
155 167
81 199
269 3 2
68 3
28 3
76 3
201 177 2
45 174
72 46
197 86
21 119 2
16 47
11 59
17 49
82 3 2
20 3
51 3
16 3
292 142 2
144 66
234 109
101 42
3 3 2
1 1
2 1
2 2
23 3 2
3 2
8 3
21 2
300 187 2
288 42
78 11
107 58
3 4 2
2 2
3 4
1 4
3 3 2
3 3
2 1
2 2
267 136 2
100 69
55 84
242 32
3 3 2
1 3
3 2
1 2
3 4 2
3 2
2 4
1 3
4 3 2
1 2
3 2
1 1
282 150 2
63 89
54 68
280 8
3 3 2
3 3
2 2
1 2
3 3 2
2 2
1 3
1 1
3 39 2
2 13
2 24
1 13
3 4 2
1 2
1 3
3 4
55 4 2
27 3
37 4
35 2
168 75 2
47 3
20 35
4 10
180 3 2
42 3
180 2
88 2
32 233 2
20 29
4 47
23 28
196 103 2
55 12
31 70
68 53
4 3 2
4 3
3 1
4 1
186 263 2
90 115
175 74
38 165
3 93 2
2 9
1 51
2 53
238 147 2
23 67
177 86
152 9
4 4 2
3 2
3 4
1 3
3 5 2
1 1
3 2
3 1
75 44 2
33 40
47 7
46 22
3 3 2
1 1
2 1
3 1
250 169 2
74 30
35 60
115 56
3 3 2
1 3
3 2
1 1
3 98 2
1 12
2 2
1 81
4 4 2
4 2
2 1
1 2
199 288 2
190 109
125 55
178 116
3 4 2
1 1
3 3
2 1
180 96 2
108 61
35 16
78 14
3 261 2
2 207
1 163
1 220
4 4 2
2 3
2 2
4 1
228 3 2
65 2
112 2
207 3
3 97 2
1 67
3 9
2 27
3 3 2
1 1
1 3
3 1
298 116 2
20 54
42 64
181 36
3 120 2
3 114
2 58
3 26
44 170 2
9 42
25 61
42 46
3 3 2
3 1
2 1
1 1
3 3 2
3 1
2 3
1 2
4 3 2
2 3
2 2
2 1
3 3 2
3 1
3 2
1 2
3 120 2
1 3
2 12
1 34
296 79 2
158 66
257 62
100 19
3 130 2
2 1
2 91
2 8
223 3 2
223 2
154 3
99 3
168 157 2
27 14
154 68
46 114
104 3 2
47 1
64 2
79 1
71 87 2
36 44
1 87
71 1
3 13 2
2 11
3 7
3 8
67 25 2
32 10
66 3
21 18
6 146 2
1 103
2 83
2 13
4 4 2
2 3
2 4
4 3
3 95 2
1 71
1 53
1 77
296 231 2
220 166
98 17
194 46
65 292 2
51 78
11 228
47 191
3 3 2
1 2
3 2
2 3
4 3 2
2 1
4 3
3 1
200 84 2
116 7
187 20
69 46
3 3 2
1 1
2 2
1 2
3 3 2
2 2
3 2
2 3
160 149 2
75 15
76 149
22 8
4 4 2
1 3
4 4
2 4
3 3 2
3 1
2 3
1 3
3 33 2
3 7
1 18
2 29
32 154 2
19 97
11 9
6 111
124 63 2
1 63
2 43
86 42
4 4 2
2 2
3 1
4 4
209 299 2
50 42
137 92
53 197
3 3 2
3 3
1 3
1 2
148 210 2
16 80
70 65
148 159
3 23 2
2 7
2 2
3 9
4 4 2
1 3
1 1
2 1
3 3 2
1 3
2 3
3 2
230 97 2
217 17
59 27
124 80
243 3 2
178 2
212 3
233 3
3 4 2
1 4
3 2
2 3
4 4 2
1 2
4 3
2 1
4 3 2
2 1
3 2
4 3
211 146 2
63 98
3 24
100 53
203 271 2
156 138
147 155
154 197
4 3 2
4 1
3 2
4 3
3 3 2
1 3
2 3
2 2
4 4 2
1 4
4 4
2 2
161 252 2
93 169
97 96
79 158
4 4 2
2 3
2 4
2 1
135 243 2
8 109
99 64
94 103
48 230 2
5 227
26 141
6 110
245 270 2
17 71
135 265
76 145
3 3 2
2 1
1 3
2 3
19 3 2
4 3
18 3
18 1
217 161 2
147 105
110 24
170 151
3 82 2
1 80
2 68
2 54
158 3 2
157 1
149 2
34 2
252 3 2
44 1
231 1
8 2
4 4 2
4 2
4 4
2 4
4 4 2
3 2
4 2
2 2
4 3 2
1 1
4 3
4 1
